              precision    recall  f1-score   support

      Benign      0.995     0.760     0.862     19566
         DNS      0.048     0.005     0.010       734
        LDAP      0.393     0.924     0.551       669
       MSSQL      0.764     0.876     0.816      2947
         NTP      0.982     0.975     0.978     24274
     NetBIOS      0.382     0.694     0.493       248
     Portmap      0.031     0.168     0.052       137
        SNMP      0.259     0.118     0.162       543
         Syn      0.931     0.847     0.887      9875
        TFTP      1.000     0.984     0.992     19784
         UDP      0.929     0.932     0.930      5702
      UDPLag      0.426     0.587     0.494      1786
     WebDDoS      0.002     1.000     0.005        10

    accuracy                          0.883     86275
   macro avg      0.549     0.682     0.556     86275
weighted avg      0.940     0.883     0.906     86275
