              precision    recall  f1-score   support

      Benign      0.996     0.958     0.977     19566
         DNS      0.284     0.057     0.095       734
        LDAP      0.446     0.670     0.536       669
       MSSQL      0.840     0.930     0.883      2947
         NTP      0.997     0.989     0.993     24274
     NetBIOS      0.353     0.359     0.356       248
     Portmap      0.242     0.715     0.362       137
        SNMP      0.422     0.600     0.495       543
         Syn      0.971     0.850     0.906      9875
        TFTP      1.000     0.992     0.996     19784
         UDP      0.907     0.957     0.932      5702
      UDPLag      0.438     0.628     0.516      1786
     WebDDoS      0.015     1.000     0.029        10

    accuracy                          0.940     86275
   macro avg      0.608     0.747     0.621     86275
weighted avg      0.954     0.940     0.945     86275
